1 0.0280337941628
2 0.11858076564
3 0.0226117886179
4 0.167157974301
5 0.205934532734
6 0.15367965368
7 0.287537847941
8 0.115591397849
9 0.178376804575
10 0.387810330565
11 0.387742708613
12 0.294642857143
13 0.321205533597
14 0.348546415966
15 0.239924889925
16 0.125386066176
17 0.152900198713
18 0.112943262411
19 0.437407407407
20 0.0359824780976
21 0.100480813627
22 0.49672188106
23 0.770833333333
24 0.530945121951
25 0.46092561762
26 0.132722403552
27 0.423920698978
28 0.50119047619
29 0.643525067147
30 0.111494252874
31 0.576923076923
32 0.137987012987
33 0.142857142857
36 0.263886632275
37 0.726923076923
38 0.264745266783
39 0.314080872484
40 0.170735929795
42 0.214935617104
43 0.215029845171
44 0.436666666667
45 0.305591856896
48 0.335735515373
49 0.0338463620482
57 0.5
58 0.302822676345
59 0.309915068558
60 0.319767824679
61 0.529082480774
62 0.0478862357101
63 0.253519779678
64 0.142857142857
