1 0.463461538462
2 1.0
3 0.158615136876
4 0.496611262236
5 0.528047429078
6 0.338827838828
7 0.734725094846
8 0.43771043771
9 0.627598697599
10 0.706959150713
11 0.497785066385
12 0.569805194805
13 0.587624055845
14 0.664258933532
15 0.267333743842
16 0.23444289546
17 0.371988975105
18 0.263386463969
19 0.815289648623
20 0.684848484848
21 0.16916971917
22 0.606339361671
23 0.916666666667
24 0.58041958042
25 0.471971508688
26 0.228931419458
27 0.560825042994
28 0.822222222222
29 0.866567460317
30 0.610119047619
31 0.625
32 0.54347826087
33 0.25
36 0.530448596818
37 0.439954489954
38 0.767415266501
39 0.445434889947
40 0.610736169468
42 0.475835738326
43 0.358801143693
44 0.633906194057
45 0.471463464526
48 0.640424043549
49 0.124332841245
57 1.0
58 0.695709242619
59 0.53571976969
60 0.74192171007
61 0.770094859894
62 0.59455211025
63 0.840103785104
64 1.0
