1 0.271122994652
2 0.192307692308
3 0.015625
4 0.21421714664
5 0.246035667231
6 0.0958971088435
7 0.610824333147
8 0.182582582583
9 0.19742726141
10 0.582037131965
11 0.52742459114
12 0.387142857143
13 0.621500155618
14 0.152811298163
15 0.327380952381
16 0.188140339888
17 0.490865403165
18 0.329016167871
19 0.503755261925
20 0.833333333333
21 0.116903794038
22 0.466903211481
23 0.591666666667
24 0.137443693694
25 0.509134395867
26 0.200090208319
27 0.256393487526
28 1.0
29 0.448762464387
30 0.340909090909
31 0.225490196078
32 0.525641025641
33 0.0357142857143
36 0.54505438605
37 0.465396689659
38 0.349416074517
39 0.409035091229
40 0.289778484307
42 0.208534101711
43 0.319640659345
44 0.486463903743
45 0.404875481771
48 0.188516777329
49 0.130316321106
57 1.0
58 0.471845595439
59 0.454310632908
60 0.147686637398
61 0.462484623708
62 0.0447118943573
63 0.615903219587
64 0.0172413793103
