1 0.159453099643
2 0.833333333333
3 0.0548895386615
4 0.277777777778
5 0.301428571429
6 0.433723196881
7 0.716843317972
8 0.75
9 0.24200526225
10 0.594237696206
11 0.492024384078
12 0.5
13 0.546481312466
14 0.299250004066
15 0.129236715665
16 0.259482125383
17 0.365263068497
18 0.123633417824
19 0.758847402597
20 0.916666666667
21 0.19264467138
22 0.511825132996
23 0.765384615385
24 0.413700846192
25 0.502845471934
26 0.336467883527
27 0.381017529663
28 0.892857142857
29 0.473356886451
30 0.158333333333
31 0.177631578947
32 0.375
33 0.0555555555556
36 0.434750049652
37 0.369535451311
38 0.146585372158
39 0.303488281835
40 0.311083412472
42 0.147912423173
43 0.338451324368
44 0.411911327339
45 0.386783520764
48 0.390406162465
49 0.222889242358
57 1.0
58 0.349678551645
59 0.451422613559
60 0.227815071635
61 0.667373411873
62 0.0463005997001
63 0.685295815296
64 1.0
