1 0.028312788906
2 0.123703703704
3 0
4 0.200460622348
5 0.0477882445295
6 0.277777777778
7 0.29226309043
8 0.0721951219512
9 0.24844044844
10 0.34754722029
11 0.463009570342
12 0.254945799458
13 0.196539942405
14 0.365935052693
15 0.198489010989
16 0.110462506842
17 0.10586242005
18 0.0922580645161
19 0.221249957126
20 0.0233990147783
21 0.10648057032
22 0.957142857143
23 0.608333333333
24 0.565972222222
25 0.468343841837
26 0.111472994995
27 0.512823093143
28 0.418924731183
29 0.75353046595
30 0.0322580645161
31 0.6
32 0.0936426116838
33 0.142857142857
36 0.301116928467
37 0.621527777778
38 0.587664740383
39 0.269399427874
40 0.202800942374
42 0.22280454646
43 0.0479571142351
44 0.170562770563
45 0.348192305938
48 0.196080942623
49 0.0325396825397
57 0.5
58 0.331395156673
59 0.427665565036
60 0.392585807091
61 0.494678667758
62 0.0295112377979
63 0.226798554196
64 0.142857142857
