1 0.556730769231
2 1.0
3 0.16335978836
4 0.524512987013
5 0.493011948369
6 0.555555555556
7 0.719135372899
8 0.512121212121
9 0.622362895776
10 0.674312241377
11 0.567615411668
12 0.489417989418
13 0.5777686076
14 0.700213493713
15 0.266170773245
16 0.229254022122
17 0.285253677213
18 0.303652655394
19 0.816553642845
20 0.684210526316
21 0.141355369949
22 0.676674440463
23 0.875
24 0.59880952381
25 0.59697912895
26 0.219418788363
27 0.574685875724
28 0.916666666667
29 0.867553511304
30 0.615131578947
31 0.625
32 0.576923076923
33 1.0
36 0.502861752392
37 0.445873015873
38 0.66730617867
39 0.377887043512
40 0.62000427899
42 0.514875461361
43 0.327755626632
44 0.727040816327
45 0.567640448621
48 0.568848093421
49 0.151023627905
57 1.0
58 0.611875791246
59 0.591967273579
60 0.677707263686
61 0.692189573667
62 0.274844599845
63 0.770297619048
64 1.0
