1 0.0336538461538
2 0.533333333333
3 0.0223214285714
4 0.184556029777
5 0.127626262626
6 0.134259259259
7 0.323261700902
8 0.121276595745
9 0.213886926008
10 0.401442004801
11 0.408916060835
12 0.287943262411
13 0.270196260322
14 0.349319589205
15 0.190429158426
16 0.0749120602183
17 0.135952434492
18 0.0900336946373
19 0.509577763854
20 0.0472222222222
21 0.113621870375
22 0.561826441103
23 0.62380952381
24 0.528311425683
25 0.358133745395
26 0.128538560001
27 0.444964090396
28 0.542857142857
29 0.610294245941
30 0.0786777154059
31 0.316666666667
32 0.137658227848
33 0.142857142857
36 0.36322114785
37 0.366418733742
38 0.563011786087
39 0.374964838178
40 0.108656779737
42 0.17974242695
43 0.148029017258
44 0.426275331936
45 0.236570853038
48 0.258060325129
49 0.0312111486975
57 0.5
58 0.381600572928
59 0.233728810215
60 0.366385903624
61 0.595079542702
62 0.0960564180392
63 0.285812315202
64 0.2
